9 9
0 0 0 0 0 0 0 0 0
0 0 0 0 0 0 0 0 0
0 0 0 0 0 0 0 0 0
0 0 0 0 0 0 0 0 0
0 0 0 0 0 0 0 0 0
0 0 4 0 0 0 0 0 0
0 0 4 4 0 0 0 0 0
0 3 0 0 0 0 0 0 0
0 0 0 0 0 0 0 0 0
9 10
0 0 0 0 0 0 0 0 0 0
0 0 0 0 0 0 0 0 0 0
0 0 0 0 4 0 3 0 0 0
0 0 0 0 0 0 0 0 0 0
0 0 4 0 0 0 0 0 0 0
0 0 0 0 4 0 0 0 0 0
0 0 0 4 0 0 0 0 0 0
0 0 0 0 0 0 0 0 0 0
0 0 0 0 0 0 0 0 0 0 
8 6
0 0 0 0 0 0 
0 0 0 4 0 0
0 0 4 0 0 0
0 0 0 4 0 0
0 0 4 0 0 0
0 3 4 0 0 0
0 0 0 0 0 0
0 0 0 0 0 0
8 8
0 0 0 0 0 0 0 0
0 0 0 0 0 4 0 0
0 0 4 0 0 0 0 0
0 0 0 0 0 0 0 0
0 0 0 0 0 0 0 0
0 0 0 4 0 0 0 0
0 0 3 0 0 0 0 0
0 0 0 0 0 0 0 0
7 10
0 0 0 0 0 0 0 0 0 0
0 0 0 0 0 0 0 0 0 0
0 0 0 0 0 0 4 0 0 0
0 0 3 0 4 0 0 4 0 0
0 0 4 0 0 0 0 0 0 0 
0 0 0 0 0 0 0 0 0 0
0 0 0 0 0 0 0 0 0 0